=====================================================
Initial state:	123450678
None
[1, 2, 3]
[4, 5, 0]
[6, 7, 8]

123450678 / 0
Down
[1, 2, 3]
[4, 5, 8]
[6, 7, 0]

123458670 / 1
Right
[1, 2, 3]
[4, 5, 8]
[6, 0, 7]

123458607 / 2
Right
[1, 2, 3]
[4, 5, 8]
[0, 6, 7]

123458067 / 3
Up
[1, 2, 3]
[0, 5, 8]
[4, 6, 7]

123058467 / 4
Left
[1, 2, 3]
[5, 0, 8]
[4, 6, 7]

123508467 / 5
Down
[1, 2, 3]
[5, 6, 8]
[4, 0, 7]

123568407 / 6
Left
[1, 2, 3]
[5, 6, 8]
[4, 7, 0]

123568470 / 7
Up
[1, 2, 3]
[5, 6, 0]
[4, 7, 8]

123560478 / 8
Right
[1, 2, 3]
[5, 0, 6]
[4, 7, 8]

123506478 / 9
Right
[1, 2, 3]
[0, 5, 6]
[4, 7, 8]

123056478 / 10
Down
[1, 2, 3]
[4, 5, 6]
[0, 7, 8]

123456078 / 11
Left
[1, 2, 3]
[4, 5, 6]
[7, 0, 8]

123456708 / 12
Left
[1, 2, 3]
[4, 5, 6]
[7, 8, 0]

123456780 / 13
Final state:		123456780
Total cost:		13
Number of nodes explored:2776
Number of steps: 13
Exploration duration: 1.23180634 second(s)
===================================================== 
the behavior of the greedy
algorithm with the Manhattan distance heuristic

Initial state:	123450678
None
[1, 2, 3]
[4, 5, 0]
[6, 7, 8]

123450678 / 5
Right
[1, 2, 3]
[4, 0, 5]
[6, 7, 8]

123405678 / 6
Right
[1, 2, 3]
[0, 4, 5]
[6, 7, 8]

123045678 / 7
Down
[1, 2, 3]
[6, 4, 5]
[0, 7, 8]

123645078 / 6
Left
[1, 2, 3]
[6, 4, 5]
[7, 0, 8]

123645708 / 5
Up
[1, 2, 3]
[6, 0, 5]
[7, 4, 8]

123605748 / 6
Right
[1, 2, 3]
[0, 6, 5]
[7, 4, 8]

123065748 / 5
Down
[1, 2, 3]
[7, 6, 5]
[0, 4, 8]

123765048 / 6
Left
[1, 2, 3]
[7, 6, 5]
[4, 0, 8]

123765408 / 5
Left
[1, 2, 3]
[7, 6, 5]
[4, 8, 0]

123765480 / 4
Up
[1, 2, 3]
[7, 6, 0]
[4, 8, 5]

123760485 / 5
Right
[1, 2, 3]
[7, 0, 6]
[4, 8, 5]

123706485 / 4
Right
[1, 2, 3]
[0, 7, 6]
[4, 8, 5]

123076485 / 5
Down
[1, 2, 3]
[4, 7, 6]
[0, 8, 5]

123476085 / 4
Left
[1, 2, 3]
[4, 7, 6]
[8, 0, 5]

123476805 / 5
Left
[1, 2, 3]
[4, 7, 6]
[8, 5, 0]

123476850 / 4
Up
[1, 2, 3]
[4, 7, 0]
[8, 5, 6]

123470856 / 5
Right
[1, 2, 3]
[4, 0, 7]
[8, 5, 6]

123407856 / 6
Down
[1, 2, 3]
[4, 5, 7]
[8, 0, 6]

123457806 / 5
Right
[1, 2, 3]
[4, 5, 7]
[0, 8, 6]

123457086 / 4
Up
[1, 2, 3]
[0, 5, 7]
[4, 8, 6]

123057486 / 5
Left
[1, 2, 3]
[5, 0, 7]
[4, 8, 6]

123507486 / 6
Left
[1, 2, 3]
[5, 7, 0]
[4, 8, 6]

123570486 / 5
Down
[1, 2, 3]
[5, 7, 6]
[4, 8, 0]

123576480 / 4
Right
[1, 2, 3]
[5, 7, 6]
[4, 0, 8]

123576408 / 5
Up
[1, 2, 3]
[5, 0, 6]
[4, 7, 8]

123506478 / 4
Right
[1, 2, 3]
[0, 5, 6]
[4, 7, 8]

123056478 / 3
Down
[1, 2, 3]
[4, 5, 6]
[0, 7, 8]

123456078 / 2
Left
[1, 2, 3]
[4, 5, 6]
[7, 0, 8]

123456708 / 1
Left
[1, 2, 3]
[4, 5, 6]
[7, 8, 0]

123456780 / 0
Final state:		123456780
Total cost:		29
Number of nodes explored:89
Number of steps: 29
Exploration duration: 0.049885803000000006 second(s)
=====================================================
A*
Initial state:	123450678
None
[1, 2, 3]
[4, 5, 0]
[6, 7, 8]

123450678 / 5
Down
[1, 2, 3]
[4, 5, 8]
[6, 7, 0]

123458670 / 7
Right
[1, 2, 3]
[4, 5, 8]
[6, 0, 7]

123458607 / 9
Right
[1, 2, 3]
[4, 5, 8]
[0, 6, 7]

123458067 / 9
Up
[1, 2, 3]
[0, 5, 8]
[4, 6, 7]

123058467 / 11
Left
[1, 2, 3]
[5, 0, 8]
[4, 6, 7]

123508467 / 13
Down
[1, 2, 3]
[5, 6, 8]
[4, 0, 7]

123568407 / 13
Left
[1, 2, 3]
[5, 6, 8]
[4, 7, 0]

123568470 / 13
Up
[1, 2, 3]
[5, 6, 0]
[4, 7, 8]

123560478 / 13
Right
[1, 2, 3]
[5, 0, 6]
[4, 7, 8]

123506478 / 13
Right
[1, 2, 3]
[0, 5, 6]
[4, 7, 8]

123056478 / 13
Down
[1, 2, 3]
[4, 5, 6]
[0, 7, 8]

123456078 / 13
Left
[1, 2, 3]
[4, 5, 6]
[7, 0, 8]

123456708 / 13
Left
[1, 2, 3]
[4, 5, 6]
[7, 8, 0]

123456780 / 13
Final state:		123456780
Total cost:		13
Number of nodes explored:84
Number of steps: 13
Exploration duration: 0.057542697 second(s)
=====================================================
A* miss
Initial state:	123450678
None
[1, 2, 3]
[4, 5, 0]
[6, 7, 8]

123450678 / 4
Down
[1, 2, 3]
[4, 5, 8]
[6, 7, 0]

123458670 / 4
Right
[1, 2, 3]
[4, 5, 8]
[6, 0, 7]

123458607 / 6
Right
[1, 2, 3]
[4, 5, 8]
[0, 6, 7]

123458067 / 7
Up
[1, 2, 3]
[0, 5, 8]
[4, 6, 7]

123058467 / 9
Left
[1, 2, 3]
[5, 0, 8]
[4, 6, 7]

123508467 / 11
Down
[1, 2, 3]
[5, 6, 8]
[4, 0, 7]

123568407 / 12
Left
[1, 2, 3]
[5, 6, 8]
[4, 7, 0]

123568470 / 12
Up
[1, 2, 3]
[5, 6, 0]
[4, 7, 8]

123560478 / 14
Right
[1, 2, 3]
[5, 0, 6]
[4, 7, 8]

123506478 / 14
Right
[1, 2, 3]
[0, 5, 6]
[4, 7, 8]

123056478 / 14
Down
[1, 2, 3]
[4, 5, 6]
[0, 7, 8]

123456078 / 14
Left
[1, 2, 3]
[4, 5, 6]
[7, 0, 8]

123456708 / 14
Left
[1, 2, 3]
[4, 5, 6]
[7, 8, 0]

123456780 / 13
Final state:		123456780
Total cost:		13
Number of nodes explored:198
Number of steps: 13
Exploration duration: 0.07360177300000001 second(s)
